9063746
16
9043968
8126464
33554432
33554432
65536
196640
0
2555920
2555904
0
0
0
-16776961
16711680
0
1195572992
-1031769262
-1201657611
-2061495010
859832811
1719669555
1715480166
-1717565850
171706777
1545864151
12943
0
0
262144
0
0
0
909508608
808517430
1111686960
1246428994
943259466
1027473208
1263271741
1128529739
1195900739
1145372487
1212743492
1515913032
1431699290
1381171029
1179058002
1381171014
1246429010
1532755786
1566441307
1802239837
2105409387
1819082621
1835925356
1886453613
1936981872
1970667379
2021195637
2054881144
1583284090
1633812318
1667497825
1718026083
1751711590
1785397096
1701183338
1633812325
1600126817
1600126815
1633812319
1583284065
1684340574
1701183332
1650655077
1650655074
1734868834
1718026087
1684340582
1718026084
1751711590
1667497832
1633812323
1684340577
1734868836
1768554343
1718026089
1600126822
1616969567
1650655072
1768554338
1633812329
1936981857
1819082611
1718026092
1852768102
1650655086
1768554338
1600126825
1650655071
1583284066
724303710
539033387
842202912
606404402
606404388
623247140
623247141
606404389
589561636
572718883
589561634
522190627
539033375
555876128
539033377
488505120
471662365
488505116
505347869
572718878
555876130
522190625
505347871
488505118
505347869
539033374
555876128
522190625
488505119
471662365
421134108
370605849
404291350
